0 0.6790024140625001 0.58342788125 0.7752011265625 0.58342788125 0.7752011265625 0.47435123749999997 0.6790024140625001 0.47435123749999997 0.6790024140625001 0.58342788125
0 0.8501649234374999 0.8874969828125 0.9240104578125001 0.8874969828125 0.9240104578125001 0.7320503921875 0.8501649234374999 0.7320503921875 0.8501649234374999 0.8874969828125
0 0.7383356796875 0.48327700625 0.8138123484375 0.48327700625 0.8138123484375 0.3762824375 0.7383356796875 0.3762824375 0.7383356796875 0.48327700625
0 0.48189963750000003 0.4591430296875 0.6207632750000001 0.4591430296875 0.6207632750000001 0.3657211828125 0.48189963750000003 0.3657211828125 0.48189963750000003 0.4591430296875
0 0.15305712031250002 0.6232453234374999 0.2499477078125 0.6232453234374999 0.2499477078125 0.46379149062499997 0.15305712031250002 0.46379149062499997 0.15305712031250002 0.6232453234374999
0 0.324013475 0.9224909468750001 0.406799075 0.9224909468750001 0.406799075 0.8364529265625 0.324013475 0.8364529265625 0.324013475 0.9224909468750001
0 0.028357803124999997 0.8235470734374999 0.0938988328125 0.8235470734374999 0.0938988328125 0.7097178640624999 0.028357803124999997 0.7097178640624999 0.028357803124999997 0.8235470734374999
0 0.1057924375 0.716155703125 0.1485961390625 0.716155703125 0.1485961390625 0.617682559375 0.1057924375 0.617682559375 0.1057924375 0.716155703125
0 0.8147626703125 0.690816234375 0.875748190625 0.690816234375 0.875748190625 0.5724185281249999 0.8147626703125 0.5724185281249999 0.8147626703125 0.690816234375
0 1 0.380808690625 0.915325825 0.380808690625 0.915325825 0.5991128546875 1 0.5991128546875 1 0.380808690625
0 0.35780470625 0.40484459843750004 0.45023632343750003 0.40484459843750004 0.45023632343750003 0.3156382015625 0.35780470625 0.3156382015625 0.35780470625 0.40484459843750004
0 0.3642397421875 0.6775437531249999 0.604674175 0.6775437531249999 0.604674175 0.4728424859375 0.3642397421875 0.4728424859375 0.3642397421875 0.6775437531249999
0 0 0.4193240796875 0.1284875296875 0.4193240796875 0.1284875296875 0.26614363281250003 0 0.26614363281250003 0 0.4193240796875
0 0.1520514890625 0.4205310796875 0.27246983125 0.4205310796875 0.27246983125 0.26614363281250003 0.1520514890625 0.26614363281250003 0.1520514890625 0.4205310796875
0 0.5096570796875 0.2950407359375 0.7743976265625 0.2950407359375 0.7743976265625 0.17321514843750002 0.5096570796875 0.17321514843750002 0.5096570796875 0.2950407359375
0 0.27272626718750004 0.3505476765625 0.35853680625 0.3505476765625 0.35853680625 0.1816551 0.27272626718750004 0.1816551 0.27272626718750004 0.3505476765625
0 0.28479384531249996 0.741495171875 0.33440567187500003 0.741495171875 0.33440567187500003 0.6403153296874999 0.28479384531249996 0.6403153296874999 0.28479384531249996 0.741495171875