0 0.7801504625 0.46469907343749994 0.687885803125 0.46469907343749994 0.687885803125 0.56929398125 0.7801504625 0.56929398125 0.7801504625 0.46469907343749994
0 0.922874228125 0.7118098953125 0.8520486109375 0.7118098953125 0.8520486109375 0.8608695015625001 0.922874228125 0.8608695015625001 0.922874228125 0.7118098953125
0 0.8171826781249999 0.37065972187499996 0.74479263125 0.37065972187499996 0.74479263125 0.4732581015625 0.8171826781249999 0.4732581015625 0.8171826781249999 0.37065972187499996
0 0.63202835625 0.3605324078125 0.4988435578125 0.3605324078125 0.4988435578125 0.450115740625 0.63202835625 0.450115740625 0.63202835625 0.3605324078125
0 0.2763773140625 0.45457320625 0.1834490734375 0.45457320625 0.1834490734375 0.6074754046875 0.2763773140625 0.6074754046875 0.2763773140625 0.45457320625
0 0.4268142359375 0.81192274375 0.34741415937500003 0.81192274375 0.34741415937500003 0.8944256359375 0.4268142359375 0.8944256359375 0.4268142359375 0.81192274375
0 0.12671006875 0.690394965625 0.06384934375 0.690394965625 0.06384934375 0.7995471640625 0.12671006875 0.7995471640625 0.12671006875 0.690394965625
0 0.179170525 0.602141203125 0.13811728437499998 0.602141203125 0.13811728437499998 0.6965682875 0.179170525 0.6965682875 0.179170525 0.602141203125
0 0.8765856484375 0.5587369796874999 0.8180941359375 0.5587369796874999 0.8180941359375 0.672269965625 0.8765856484375 0.672269965625 0.8765856484375 0.5587369796874999
0 1 0.375 0.9145447531249999 0.375 0.9145447531249999 0.584334490625 1 0.584334490625 1 0.375
0 0.468475115625 0.312507234375 0.37982349531250004 0.312507234375 0.37982349531250004 0.398048321875 0.468475115625 0.398048321875 0.468475115625 0.312507234375
0 0.616597221875 0.46325231406249995 0.3859953703125 0.46325231406249995 0.3859953703125 0.6595428234375 0.616597221875 0.6595428234375 0.616597221875 0.46325231406249995
0 0.159884259375 0.265046296875 0.02044753125 0.265046296875 0.02044753125 0.41193287031250003 0.159884259375 0.41193287031250003 0.159884259375 0.265046296875
0 0.29797839531250003 0.265046296875 0.1824845671875 0.265046296875 0.1824845671875 0.413090278125 0.29797839531250003 0.413090278125 0.29797839531250003 0.265046296875
0 0.779379821875 0.175936053125 0.5254658562500001 0.175936053125 0.5254658562500001 0.2927560765625 0.779379821875 0.2927560765625 0.779379821875 0.175936053125
0 0.38052565625 0.18402922500000002 0.29822434375 0.18402922500000002 0.29822434375 0.34598235 0.38052565625 0.34598235 0.38052565625 0.18402922500000002
0 0.357381365625 0.6238440390625 0.30979841874999997 0.6238440390625 0.30979841874999997 0.720866609375 0.357381365625 0.720866609375 0.357381365625 0.6238440390625