0 0.6693651468749999 0.58359335 0.771261184375 0.58359335 0.771261184375 0.468030690625 0.6693651468749999 0.468030690625 0.6693651468749999 0.58359335
0 0.850664678125 0.9057432859375 0.92888368125 0.9057432859375 0.92888368125 0.7410533890625 0.850664678125 0.7410533890625 0.850664678125 0.9057432859375
0 0.7322123984375 0.4774872125 0.8121591390624999 0.4774872125 0.8121591390624999 0.364130434375 0.7322123984375 0.364130434375 0.7322123984375 0.4774872125
0 0.46058905 0.4519181578125 0.6076768218749999 0.4519181578125 0.6076768218749999 0.3529411765625 0.46058905 0.3529411765625 0.46058905 0.4519181578125
0 0.11227098437500001 0.6257784531249999 0.214899871875 0.6257784531249999 0.214899871875 0.45684303125000003 0.11227098437500001 0.45684303125000003 0.11227098437500001 0.6257784531249999
0 0.2933521515625 0.9428180953125 0.381040690625 0.9428180953125 0.381040690625 0.851664003125 0.2933521515625 0.851664003125 0.2933521515625 0.9428180953125
0 0 0.8379907281250001 0.049609075 0.8379907281250001 0.049609075 0.717392903125 0 0.717392903125 0 0.8379907281250001
0 0.0622070734375 0.7242135546874999 0.10754580312499999 0.7242135546874999 0.10754580312499999 0.6198849109375 0.0622070734375 0.6198849109375 0.0622070734375 0.7242135546874999
0 0.81316574375 0.697367328125 0.8777631015624999 0.697367328125 0.8777631015624999 0.5719293484375 0.81316574375 0.5719293484375 0.81316574375 0.697367328125
0 1 0.36892583125 0.919684703125 0.36892583125 0.919684703125 0.600210996875 1 0.600210996875 1 0.36892583125
0 0.329144653125 0.39439098437500003 0.427050490625 0.39439098437500003 0.427050490625 0.299880115625 0.329144653125 0.299880115625 0.329144653125 0.39439098437500003
0 0.3359608015625 0.6833056265625 0.590634853125 0.6833056265625 0.590634853125 0.466432225 0.3359608015625 0.466432225 0.3359608015625 0.6833056265625
0 0 0.40973145781250003 0.086246271875 0.40973145781250003 0.086246271875 0.24744245468749998 0 0.24744245468749998 0 0.40973145781250003
0 0.11120579531250001 0.41101022968749995 0.23875585781250003 0.41101022968749995 0.23875585781250003 0.24744245468749998 0.11120579531250001 0.24744245468749998 0.11120579531250001 0.41101022968749995
0 0.4899904140625 0.2780578640625 0.7704100984375 0.2780578640625 0.7704100984375 0.148988171875 0.4899904140625 0.148988171875 0.4899904140625 0.2780578640625
0 0.23902748125 0.336865409375 0.3299201109375 0.336865409375 0.3299201109375 0.1579299875 0.23902748125 0.1579299875 0.23902748125 0.336865409375
0 0.2518097578125 0.7510597828125001 0.30435982031250003 0.7510597828125001 0.30435982031250003 0.643863490625 0.2518097578125 0.643863490625 0.2518097578125 0.7510597828125001