0 0.41820722187500003 0.6345314609375 0.57626685625 0.6345314609375 0.57626685625 0.40449775312499997 0.41820722187500003 0.40449775312499997 0.41820722187500003 0.6345314609375
0 0.5424498046874999 0.8487640453124999 0.6087308953125 0.8487640453124999 0.6087308953125 0.7249348312499999 0.5424498046874999 0.7249348312499999 0.5424498046874999 0.8487640453124999
0 0.47093946718749996 0.7154303375 0.5992403359375 0.7154303375 0.5992403359375 0.63345505625 0.47093946718749996 0.63345505625 0.47093946718749996 0.7154303375
0 0.30954525 0.777602246875 0.343022925 0.777602246875 0.343022925 0.6558629218750001 0.30954525 0.6558629218750001 0.30954525 0.777602246875
0 0.6363305359375 0.5335561796875 0.7321950859374999 0.5335561796875 0.7321950859374999 0.38568427031249997 0.6363305359375 0.38568427031249997 0.6363305359375 0.5335561796875
0 0.161386725 0.62749438125 0.2890807609375 0.62749438125 0.2890807609375 0.3681415734375 0.161386725 0.3681415734375 0.161386725 0.62749438125
0 0.2186185203125 0.900747190625 0.268204975 0.900747190625 0.268204975 0.7435134828125001 0.2186185203125 0.7435134828125001 0.2186185203125 0.900747190625
0 0.0423531609375 1 0.0423531609375 0.8731224718749999 0 0.8731224718749999 0 1 0.0423531609375 1
0 0.46229172968750004 1 0.46229172968750004 0.8602696625 0.318730146875 0.8602696625 0.318730146875 1 0.46229172968750004 1
0 0.5676153734375 0.9678640453125 0.65318175 0.9678640453125 0.65318175 0.8482842703125 0.5676153734375 0.8482842703125 0.5676153734375 0.9678640453125
0 0.47492058750000005 0 0.47492058750000005 0.1251685390625 0.577764459375 0.1251685390625 0.577764459375 0 0.47492058750000005 0
0 0.329105484375 0.2682393265625 0.4269298765625 0.2682393265625 0.4269298765625 0.1354505625 0.329105484375 0.1354505625 0.329105484375 0.2682393265625
0 0.241615971875 0 0.241615971875 0.1229213484375 0.340224003125 0.1229213484375 0.340224003125 0 0.241615971875 0
0 0.3394928078125 0 0.3394928078125 0.1251685390625 0.454399909375 0.1251685390625 0.454399909375 0 0.3394928078125 0
0 0.20486215156249998 0.276479775 0.24712765937499998 0.276479775 0.24712765937499998 0.20356516875000003 0.20486215156249998 0.20356516875000003 0.20486215156249998 0.276479775
0 0.23802142656249997 0.29670449374999996 0.33603011718750003 0.29670449374999996 0.33603011718750003 0.1544415734375 0.23802142656249997 0.1544415734375 0.23802142656249997 0.29670449374999996
0 0.588378034375 0 0.588378034375 0.124117978125 0.6747595140625 0.124117978125 0.6747595140625 0 0.588378034375 0
0 0.579588703125 0.21730337031250002 0.6242141140624999 0.21730337031250002 0.6242141140624999 0.1454561796875 0.579588703125 0.1454561796875 0.579588703125 0.21730337031250002
0 0.5508248421874999 0.366962921875 0.646088553125 0.366962921875 0.646088553125 0.23687078593750002 0.5508248421874999 0.23687078593750002 0.5508248421874999 0.366962921875