0 0.7361399343749999 0.48665962656249995 0.6567328781249999 0.48665962656249995 0.6567328781249999 0.6414595375000001 0.7361399343749999 0.6414595375000001 0.7361399343749999 0.48665962656249995
0 0.3951964125 0.1609604265625 0.28205529218750003 0.1609604265625 0.28205529218750003 0.5036638499999999 0.3951964125 0.5036638499999999 0.3951964125 0.1609604265625
0 0.4700563296875 0.5544697640625 0.42611621718750003 0.5544697640625 0.42611621718750003 0.6343474875 0.4700563296875 0.6343474875 0.4700563296875 0.5544697640625
0 0.9066113250000001 0.1987550015625 0.8561962640624999 0.1987550015625 0.8561962640624999 0.3256380609375 0.9066113250000001 0.3256380609375 0.9066113250000001 0.1987550015625
0 0.8199888828124999 0 0.8199888828124999 0.1697543359375 0.9429284015625001 0.1697543359375 0.9429284015625001 0 0.8199888828124999 0
0 0.6308182625 0.2510004453125 0.5792943968750001 0.2510004453125 0.5792943968750001 0.4524588703125 0.6308182625 0.4524588703125 0.6308182625 0.2510004453125
0 0.2733871921875 0 0.2733871921875 0.14993108125000001 0.37614438125 0.14993108125000001 0.37614438125 0 0.2733871921875 0
0 0.518823746875 0 0.518823746875 0.199981103125 0.6886295578125 0.199981103125 0.6886295578125 0 0.518823746875 0
0 0.9095019265625 0.433303690625 0.8063533953125 0.433303690625 0.8063533953125 0.9128723875 0.9095019265625 0.9128723875 0.9095019265625 0.433303690625
0 0.5300177890625 0.7690095593749999 0.38662021874999997 0.7690095593749999 0.38662021874999997 0.9282514453124999 0.5300177890625 0.9282514453124999 0.5300177890625 0.7690095593749999
0 0.48184109062499997 0.631168296875 0.3800978359375 0.631168296875 0.3800978359375 0.7726734109375 0.48184109062499997 0.7726734109375 0.48184109062499997 0.631168296875
0 0.7427364359374999 0.6356158296875 0.6356151796875 0.6356158296875 0.6356151796875 0.7628946203125 0.7427364359374999 0.7628946203125 0.7427364359374999 0.6356158296875
0 0.203668840625 0.279902178125 0.030775275 0.279902178125 0.030775275 0.932867940625 0.203668840625 0.932867940625 0.203668840625 0.279902178125
0 0.214348503125 0.8156958640624999 0.0533034390625 0.8156958640624999 0.0533034390625 0.9971409515625 0.214348503125 0.9971409515625 0.214348503125 0.8156958640624999
0 0.3710324640625 0.8817285453125001 0.3135628515625 0.8817285453125001 0.3135628515625 0.96424744375 0.3710324640625 0.96424744375 0.3710324640625 0.8817285453125001