0 0.710087375 0.8689561687499999 0.9288942453125 0.8689561687499999 0.9288942453125 0.5886760046874999 0.710087375 0.5886760046874999 0.710087375 0.8689561687499999
0 1 0.7214866703125 0.92698403125 0.7214866703125 0.92698403125 0.9389968375000001 1 0.9389968375000001 1 0.7214866703125
0 0.8854120218749999 0.4543594671875 0.9311532093749999 0.4543594671875 0.9311532093749999 0.327936059375 0.8854120218749999 0.327936059375 0.8854120218749999 0.4543594671875
0 0.5389808671874999 0.456621103125 0.6584822234375001 0.456621103125 0.6584822234375001 0.2800530953125 0.5389808671874999 0.2800530953125 0.5389808671874999 0.456621103125
0 0.63357110625 0.2898678265625 0.7066880078125 0.2898678265625 0.7066880078125 0.1942216453125 0.63357110625 0.1942216453125 0.63357110625 0.2898678265625
0 0.6094719796875 0.6448271578125 0.673845284375 0.6448271578125 0.673845284375 0.543500903125 0.6094719796875 0.543500903125 0.6094719796875 0.6448271578125
0 0.4552342578125 0.636240396875 0.5364560109375 0.636240396875 0.5364560109375 0.51097605 0.4552342578125 0.51097605 0.4552342578125 0.636240396875
0 0.69864115625 0.5980478984375 0.8017475140625001 0.5980478984375 0.8017475140625001 0.44900135625 0.69864115625 0.44900135625 0.69864115625 0.5980478984375
0 0.7402131671875 0.4453219609375 0.8814409453125001 0.4453219609375 0.8814409453125001 0.297217578125 0.7402131671875 0.297217578125 0.7402131671875 0.4453219609375
0 0.735393190625 0.1448271578125 0.7835191328125 0.1448271578125 0.7835191328125 0.0493978765625 0.735393190625 0.0493978765625 0.735393190625 0.1448271578125
0 0 0.5469950296875 0.050313346875 0.5469950296875 0.050313346875 0.1919972890625 0 0.1919972890625 0 0.5469950296875
0 0.28899894531250003 0.4069046546875 0.4480272671875 0.4069046546875 0.4480272671875 0.19922277500000002 0.28899894531250003 0.19922277500000002 0.28899894531250003 0.4069046546875