0 0.2856954015625 0.1564655171875 0.07701149375 0.1564655171875 0.07701149375 0.42381896562500004 0.2856954015625 0.42381896562500004 0.2856954015625 0.1564655171875
0 0 0.2971336203125 0.0788333328125 0.2971336203125 0.0788333328125 0.089655171875 0 0.089655171875 0 0.2971336203125
0 0.118482040625 0.5519407328125 0.07485704062500001 0.5519407328125 0.07485704062500001 0.6725334046875 0.118482040625 0.6725334046875 0.118482040625 0.5519407328125
0 0.4488857765625 0.5497834046875 0.334913075 0.5497834046875 0.334913075 0.7182079734375 0.4488857765625 0.7182079734375 0.4488857765625 0.5497834046875
0 0.3586716953125 0.7088459046875 0.28893749999999996 0.7088459046875 0.28893749999999996 0.80008081875 0.3586716953125 0.80008081875 0.3586716953125 0.7088459046875
0 0.381655890625 0.37025754375000003 0.32026077656249996 0.37025754375000003 0.32026077656249996 0.46691056093750005 0.381655890625 0.46691056093750005 0.381655890625 0.37025754375000003
0 0.5287579015625 0.3784482765625 0.45129382187499995 0.3784482765625 0.45129382187499995 0.49793534531250006 0.5287579015625 0.49793534531250006 0.5287579015625 0.3784482765625
0 0.29661206875 0.4148793109375 0.1982758625 0.4148793109375 0.1982758625 0.5570517234375 0.29661206875 0.5570517234375 0.29661206875 0.4148793109375
0 0.25696336249999996 0.560561421875 0.122269396875 0.560561421875 0.122269396875 0.7018351296875001 0.25696336249999996 0.7018351296875001 0.25696336249999996 0.560561421875
0 0.2615603453125 0.8471971984375 0.2156609203125 0.8471971984375 0.2156609203125 0.938225215625 0.2615603453125 0.938225215625 0.2615603453125 0.8471971984375
0 1 0.46357758593750004 0.9149454015625 0.46357758593750004 0.9149454015625 0.8022025859375 1 0.8022025859375 1 0.46357758593750004
0 0.6873024421875 0.5972068968750001 0.5356314656250001 0.5972068968750001 0.5356314656250001 0.7953103453125 0.6873024421875 0.7953103453125 0.6873024421875 0.5972068968750001