0 0.6766228453124999 0.19956896562499998 0.5554604890625 0.19956896562499998 0.5554604890625 0.469081896875 0.6766228453124999 0.469081896875 0.6766228453124999 0.19956896562499998
0 0.4237909484375 0.1650851296875 0.3183900859375 0.1650851296875 0.3183900859375 0.54836745625 0.4237909484375 0.54836745625 0.4237909484375 0.1650851296875
0 0.8932528734374999 1 0.8932528734374999 0.8331896546875001 0.7070402296875 0.8331896546875001 0.7070402296875 1 0.8932528734374999 1
0 0.8857823281250001 0.5368545265625 0.8284475578125001 0.5368545265625 0.8284475578125001 0.7393480609374999 0.8857823281250001 0.7393480609374999 0.8857823281250001 0.5368545265625
0 0.3680531609375 0.572642240625 0.2353491375 0.572642240625 0.2353491375 0.8298362062500001 0.3680531609375 0.8298362062500001 0.3680531609375 0.572642240625
0 0.681219109375 0.6801724140625 0.486493534375 0.6801724140625 0.486493534375 0.8841293109375 0.681219109375 0.8841293109375 0.681219109375 0.6801724140625
0 0.692711925 0.015302801562500001 0.550431753125 0.015302801562500001 0.550431753125 0.1996928875 0.692711925 0.1996928875 0.692711925 0.015302801562500001
0 0.49619252812500003 0.027155171875000002 0.411781609375 0.027155171875000002 0.411781609375 0.220375 0.49619252812500003 0.220375 0.49619252812500003 0.027155171875000002
0 0.8852090515625 0.12306034531250001 0.8068972703125 0.12306034531250001 0.8068972703125 0.483482759375 0.8852090515625 0.483482759375 0.8852090515625 0.12306034531250001
0 0.1519971265625 0.598274784375 0.07270115 0.598274784375 0.07270115 0.9953028015625 0.1519971265625 0.9953028015625 0.1519971265625 0.598274784375
0 0.16521336250000002 0.3827586203125 0.0698268671875 0.3827586203125 0.0698268671875 0.5604396546875 0.16521336250000002 0.5604396546875 0.16521336250000002 0.3827586203125