0 0.47009528906250003 0.614594375 0.6335427640625 0.614594375 0.6335427640625 0.3766469078125 0.47009528906250003 0.3766469078125 0.47009528906250003 0.614594375
0 0.4365246359375 0.28313342656249996 0.5050650765625 0.28313342656249996 0.5050650765625 0.155044165625 0.4365246359375 0.155044165625 0.4365246359375 0.28313342656249996
0 0.4463387046875 0.37776034375 0.579013015625 0.37776034375 0.579013015625 0.2929649 0.4463387046875 0.2929649 0.4463387046875 0.37776034375
0 0.7112898984375 0.354581590625 0.7459087390625 0.354581590625 0.7459087390625 0.22865411406249997 0.7112898984375 0.22865411406249997 0.7112898984375 0.354581590625
0 0.308851875 0.634055090625 0.4079841953125 0.634055090625 0.4079841953125 0.4810960015625 0.308851875 0.4810960015625 0.308851875 0.634055090625
0 0.767070809375 0.6522013015625 0.8991176015625 0.6522013015625 0.8991176015625 0.38392608125 0.767070809375 0.38392608125 0.767070809375 0.6522013015625
0 0.7886581968749999 0.26391562031250004 0.8399349234375 0.26391562031250004 0.8399349234375 0.10127266406249999 0.7886581968749999 0.10127266406249999 0.7886581968749999 0.26391562031250004
0 0.58795553125 0 0.58795553125 0.143142725 0.736410753125 0.143142725 0.736410753125 0 0.58795553125 0
0 0.39055856875 0.155540446875 0.4790416796875 0.155540446875 0.4790416796875 0.031846815625000004 0.39055856875 0.031846815625000004 0.39055856875 0.155540446875
0 0.5748961890625 1 0.5748961890625 0.903533240625 0.4685466375 0.903533240625 0.4685466375 1 0.5748961890625 1
0 0.6245227765625 0.8928974890625 0.7256817484375 0.8928974890625 0.7256817484375 0.755540446875 0.6245227765625 0.755540446875 0.6245227765625 0.8928974890625
0 0.8161535484375 1 0.8161535484375 0.905857740625 0.7141842265625 0.905857740625 0.7141842265625 1 0.8161535484375 1
0 0.714940346875 1 0.714940346875 0.903533240625 0.5961163625 0.903533240625 0.5961163625 1 0.714940346875 1
0 0.81045398125 0.8224395624999999 0.8541602109375 0.8224395624999999 0.8541602109375 0.7470165046874999 0.81045398125 0.7470165046874999 0.81045398125 0.8224395624999999
0 0.7185210718749999 0.8732531375000001 0.8198706234375001 0.8732531375000001 0.8198706234375001 0.7260960015625 0.7185210718749999 0.7260960015625 0.7185210718749999 0.8732531375000001
0 0.45757127343750004 1 0.45757127343750004 0.90461994375 0.368245275 0.90461994375 0.368245275 1 0.45757127343750004 1
0 0.42051363437499995 0.8825476515625 0.4666602109375 0.8825476515625 0.4666602109375 0.80822873125 0.42051363437499995 0.80822873125 0.42051363437499995 0.8825476515625
0 0.3978935546875 0.7879881453124999 0.4964045546875 0.7879881453124999 0.4964045546875 0.6534205015625 0.3978935546875 0.6534205015625 0.3978935546875 0.7879881453124999