0 0.6231839078125 1 0.6231839078125 0.7836206890625 0.474281609375 0.7836206890625 0.474281609375 1 0.6231839078125 1
0 0.5789375 0.6622866375 0.516381465625 0.6622866375 0.516381465625 0.77639870625 0.5789375 0.77639870625 0.5789375 0.6622866375
0 0.6295035921875 0.579956896875 0.5906602015625 0.579956896875 0.5906602015625 0.6841853453125 0.6295035921875 0.6841853453125 0.6295035921875 0.579956896875
0 0.7128232765625 0.6338351296875 0.6666681031249999 0.6338351296875 0.6666681031249999 0.73503125 0.7128232765625 0.73503125 0.7128232765625 0.6338351296875
0 0.6881156609375 0.7053900859375 0.553456178125 0.7053900859375 0.553456178125 0.993967671875 0.6881156609375 0.993967671875 0.6881156609375 0.7053900859375
0 0.24623491406250003 0.54008620625 0.201293821875 0.54008620625 0.201293821875 0.624719828125 0.24623491406250003 0.624719828125 0.24623491406250003 0.54008620625
0 0.328979884375 0.4924644390625 0.26494827656250003 0.4924644390625 0.26494827656250003 0.6109321125 0.328979884375 0.6109321125 0.328979884375 0.4924644390625
0 0.45884339062499996 0.5618803875 0.33232615 0.5618803875 0.33232615 0.7686411640624999 0.45884339062499996 0.7686411640624999 0.45884339062499996 0.5618803875
0 0.310592671875 0.7377230609375001 0.25014870624999996 0.7377230609375001 0.25014870624999996 0.836725215625 0.310592671875 0.836725215625 0.310592671875 0.7377230609375001
0 0.2560028734375 0.8590517234374999 0.176867815625 0.8590517234374999 0.176867815625 0.9815086203125001 0.2560028734375 0.9815086203125001 0.2560028734375 0.8590517234374999
0 0.6226091953124999 0.27715625 0.5066091953125 0.27715625 0.5066091953125 0.587149784375 0.6226091953124999 0.587149784375 0.6226091953124999 0.27715625
0 0.3496659484375 0.3198383625 0.2692535921875 0.3198383625 0.2692535921875 0.4593469828125 0.3496659484375 0.4593469828125 0.3496659484375 0.3198383625
0 0.9873958328124999 0.3676670265625 0.7426731328125 0.3676670265625 0.7426731328125 0.5987769390625 0.9873958328124999 0.5987769390625 0.9873958328124999 0.3676670265625
0 0.9471716953125 0.0978588359375 0.8551731328125 0.0978588359375 0.8551731328125 0.28421875 0.9471716953125 0.28421875 0.9471716953125 0.0978588359375
0 0.9362550281249999 1 0.9362550281249999 0.5584051718749999 0.7846271546875 0.5584051718749999 0.7846271546875 1 0.9362550281249999 1
0 0.75410129375 0.023935345312500002 0.6863527296874999 0.023935345312500002 0.6863527296874999 0.16453879375 0.75410129375 0.16453879375 0.75410129375 0.023935345312500002
0 0.71904885 0.186636853125 0.6079022984375 0.186636853125 0.6079022984375 0.33086745624999997 0.71904885 0.33086745624999997 0.71904885 0.186636853125
0 0.4972471265625 0.1747844828125 0.42758620625 0.1747844828125 0.42758620625 0.27829741406249997 0.4972471265625 0.27829741406249997 0.4972471265625 0.1747844828125
0 0.1950222703125 0.125431034375 0.039081178125 0.125431034375 0.039081178125 0.38516379375 0.1950222703125 0.38516379375 0.1950222703125 0.125431034375