0 0.57638793125 0.5806034484375 0.46788793125000006 0.5806034484375 0.46788793125000006 0.7149482765624999 0.57638793125 0.7149482765624999 0.57638793125 0.5806034484375
0 0.42813793125000005 0.462068965625 0.32349137968749997 0.462068965625 0.32349137968749997 0.5942959765625 0.42813793125000005 0.5942959765625 0.42813793125000005 0.462068965625
0 0.6306896546874999 0.4656609203125 0.5497844828125 0.4656609203125 0.5497844828125 0.5368419546875 0.6306896546874999 0.5368419546875 0.6306896546874999 0.4656609203125
0 0.1738696125 0.8729885062499999 0.07457004375000001 0.8729885062499999 0.07457004375000001 0.9414252875000001 0.1738696125 0.9414252875000001 0.1738696125 0.8729885062499999
0 0.5841454734375 1 0.5841454734375 0.8708333328125001 0.342889009375 0.8708333328125001 0.342889009375 1 0.5841454734375 1
0 0.550530171875 0.724280890625 0.3859956890625 0.724280890625 0.3859956890625 0.8650122124999999 0.550530171875 0.8650122124999999 0.550530171875 0.724280890625
0 0.8573760781249999 0.7185337640625 0.7008696125 0.7185337640625 0.7008696125 0.996006465625 0.8573760781249999 0.996006465625 0.8573760781249999 0.7185337640625
0 0.6686131468750001 0.0928160921875 0.572412715625 0.0928160921875 0.572412715625 0.27778735625 0.6686131468750001 0.27778735625 0.6686131468750001 0.0928160921875
0 0.466923490625 0.07557399375 0.3471971984375 0.07557399375 0.3471971984375 0.27319037343749997 0.466923490625 0.27319037343749997 0.466923490625 0.07557399375
0 0.2919525859375 0.630605603125 0.212719828125 0.630605603125 0.212719828125 0.739592671875 0.2919525859375 0.739592671875 0.2919525859375 0.630605603125
0 0.24627155156249997 0.73174928125 0.13427155156249998 0.73174928125 0.13427155156249998 0.8590955453125 0.24627155156249997 0.8590955453125 0.24627155156249997 0.73174928125
0 0.6867144390625 0.6301724140625 0.59504418125 0.6301724140625 0.59504418125 0.7579770109374999 0.6867144390625 0.7579770109374999 0.6867144390625 0.6301724140625
0 0.9254665953125001 0.551149425 0.8256454734374999 0.551149425 0.8256454734374999 0.6545603453125 0.9254665953125001 0.6545603453125 0.9254665953125001 0.551149425