0 0.34794252812500004 0.499136853125 0.2709770109375 0.499136853125 0.2709770109375 0.649199353125 0.34794252812500004 0.649199353125 0.34794252812500004 0.499136853125
0 0.7110998562499999 0.183405171875 0.6014375000000001 0.183405171875 0.6014375000000001 0.5156206890624999 0.7110998562499999 0.5156206890624999 0.7110998562499999 0.183405171875
0 0.571468390625 0.5648717671875 0.5288793109375 0.5648717671875 0.5288793109375 0.6423049562500001 0.571468390625 0.6423049562500001 0.571468390625 0.5648717671875
0 0.15461206875 0.220043103125 0.1057471265625 0.220043103125 0.1057471265625 0.34304310312499997 0.15461206875 0.34304310312499997 0.15461206875 0.220043103125
0 0.18970617812499999 0.0077596984374999995 0.07054669531249999 0.0077596984374999995 0.07054669531249999 0.19192995625 0.18970617812499999 0.19192995625 0.18970617812499999 0.0077596984374999995
0 0.42300000000000004 0.2706896546875 0.3730603453125 0.2706896546875 0.3730603453125 0.465982759375 0.42300000000000004 0.465982759375 0.42300000000000004 0.2706896546875
0 0.7195014375000001 0.0133642234375 0.6199037359374999 0.0133642234375 0.6199037359374999 0.1727133625 0.7195014375000001 0.1727133625 0.7195014375000001 0.0133642234375
0 0.48161135 0.006682112499999999 0.3170265796875 0.006682112499999999 0.3170265796875 0.22123168125 0.48161135 0.22123168125 0.48161135 0.006682112499999999
0 0.20292241406249997 0.44741379375 0.10294540156250001 0.44741379375 0.10294540156250001 0.912306034375 0.20292241406249997 0.912306034375 0.20292241406249997 0.44741379375
0 0.60975 0.7728459046875 0.47076149375 0.7728459046875 0.47076149375 0.9272144390625 0.60975 0.9272144390625 0.60975 0.7728459046875
0 0.6160718390625 0.6392230609375 0.517456896875 0.6392230609375 0.517456896875 0.7763976296874999 0.6160718390625 0.7763976296874999 0.6160718390625 0.6392230609375
0 0.3684109203125 0.6435344828125 0.2645833328125 0.6435344828125 0.2645833328125 0.766918103125 0.3684109203125 0.766918103125 0.3684109203125 0.6435344828125
0 0.9546537359375 0.298706896875 0.7870761500000001 0.298706896875 0.7870761500000001 0.9316896546875 0.9546537359375 0.9316896546875 0.9546537359375 0.298706896875
0 0.932818246875 0.8181034484374999 0.77672485625 0.8181034484374999 0.77672485625 0.9939956890625 0.932818246875 0.9939956890625 0.932818246875 0.8181034484374999
0 0.6805610625 0.8821153015625001 0.6248584765625 0.8821153015625001 0.6248584765625 0.9621088359375 0.6805610625 0.9621088359375 0.6805610625 0.8821153015625001