0 0.7584252453125 0.5307892921875 0.676366421875 0.5307892921875 0.676366421875 0.6907823984375 0.7584252453125 0.6907823984375 0.7584252453125 0.5307892921875
0 0.4060960484375 0.194163603125 0.2891766234375 0.194163603125 0.2891766234375 0.5483639703125001 0.4060960484375 0.5483639703125001 0.4060960484375 0.194163603125
0 0.4834558828125 0.6008743109375 0.43804840624999997 0.6008743109375 0.43804840624999997 0.68343175625 0.4834558828125 0.68343175625 0.4834558828125 0.6008743109375
0 0.9345894609375 0.23322610312499997 0.882490809375 0.23322610312499997 0.882490809375 0.364365809375 0.9345894609375 0.364365809375 0.9345894609375 0.23322610312499997
0 0.9721193328125001 0.00689453125 0.8450742953124999 0.00689453125 0.8450742953124999 0.203252528125 0.9721193328125001 0.203252528125 0.9721193328125001 0.00689453125
0 0.649586396875 0.2872242640625 0.5963419125 0.2872242640625 0.5963419125 0.49544117656250003 0.649586396875 0.49544117656250003 0.649586396875 0.2872242640625
0 0.38640778125 0.0128699453125 0.28021905625 0.0128699453125 0.28021905625 0.18276424687499998 0.38640778125 0.18276424687499998 0.38640778125 0.0128699453125
0 0.709328278125 0.005745634375 0.53385186875 0.005745634375 0.53385186875 0.23449333593750002 0.709328278125 0.23449333593750002 0.709328278125 0.005745634375
0 0.93757659375 0.4756433828125 0.83098345625 0.4756433828125 0.83098345625 0.9713005515625 0.93757659375 0.9713005515625 0.93757659375 0.4756433828125
0 0.5454197296875 0.82261144375 0.39723345625 0.82261144375 0.39723345625 0.9871955421875 0.5454197296875 0.9871955421875 0.5454197296875 0.82261144375
0 0.49563419062499997 0.680145909375 0.390493259375 0.680145909375 0.390493259375 0.8263982078125001 0.49563419062499997 0.8263982078125001 0.49563419062499997 0.680145909375
0 0.765242034375 0.684742646875 0.6545435046875 0.684742646875 0.6545435046875 0.8162913609375 0.765242034375 0.8162913609375 0.765242034375 0.684742646875
0 0.2081724875 0.3170955875 0.0295052078125 0.3170955875 0.0295052078125 0.9919669125 0.2081724875 0.9919669125 0.2081724875 0.3170955875
0 0.21920879218749997 1 0.21920879218749997 0.8708639703125 0.0527856921875 0.8708639703125 0.0527856921875 1 0.21920879218749997 1
0 0.381125153125 1 0.381125153125 0.9391119031249999 0.3217363671875 0.9391119031249999 0.3217363671875 1 0.381125153125 1