0 0.5555887078125 0.8073555171875 0.678624890625 0.8073555171875 0.678624890625 0.5335945703125 0.5555887078125 0.5335945703125 0.5555887078125 0.8073555171875
0 0.3148519109375 0.84238288125 0.4218828421875 0.84238288125 0.4218828421875 0.453059325 0.3148519109375 0.453059325 0.3148519109375 0.84238288125
0 0.70951269375 0 0.70951269375 0.1637478109375 0.8986051937499999 0.1637478109375 0.8986051937499999 0 0.70951269375 0
0 0.8327976359375 0.464753721875 0.8910191125000001 0.464753721875 0.8910191125000001 0.2590685203125 0.8327976359375 0.2590685203125 0.8327976359375 0.464753721875
0 0.23052670000000003 0.4284019265625 0.365283046875 0.4284019265625 0.365283046875 0.167154115625 0.23052670000000003 0.167154115625 0.23052670000000003 0.4284019265625
0 0.48555515 0.3191768828125 0.6832922375 0.3191768828125 0.6832922375 0.1120052546875 0.48555515 0.1120052546875 0.48555515 0.3191768828125
0 0.5504822 0.9945260515625 0.6949627953124999 0.9945260515625 0.6949627953124999 0.807229640625 0.5504822 0.807229640625 0.5504822 0.9945260515625
0 0.4096877734375 0.9824868656250001 0.49540414374999997 0.9824868656250001 0.49540414374999997 0.7862215406249999 0.4096877734375 0.7862215406249999 0.4096877734375 0.9824868656250001
0 0.8109140640625 0.885070053125 0.890436971875 0.885070053125 0.890436971875 0.5189667250000001 0.8109140640625 0.5189667250000001 0.8109140640625 0.885070053125
0 0.0653632921875 0 0.0653632921875 0.40236536718749993 0.1458856140625 0.40236536718749993 0.1458856140625 0 0.0653632921875 0
0 0.0624445578125 0.621278459375 0.15930624375 0.621278459375 0.15930624375 0.440796846875 0.0624445578125 0.440796846875 0.0624445578125 0.621278459375