0 0.0314329734375 0.8654646328125001 0.255229584375 0.8654646328125001 0.255229584375 0.5787055015625 0.0314329734375 0.5787055015625 0.0314329734375 0.8654646328125001
0 0 0.9371243640625 0.0333867484375 0.9371243640625 0.0333867484375 0.7145862234375 0 0.7145862234375 0 0.9371243640625
0 0.029122496874999997 0.44128409687500003 0.07590677968750001 0.44128409687500003 0.07590677968750001 0.3119382796875 0.029122496874999997 0.3119382796875 0.029122496874999997 0.44128409687500003
0 0.30801155625 0.4435980125 0.43023805781249996 0.4435980125 0.43023805781249996 0.2629484515625 0.30801155625 0.2629484515625 0.30801155625 0.4435980125
0 0.258706471875 0.272990059375 0.3334907546875 0.272990059375 0.3334907546875 0.1751329171875 0.258706471875 0.1751329171875 0.258706471875 0.272990059375
0 0.2922981515625 0.636154646875 0.3581394453125 0.636154646875 0.3581394453125 0.5324861296875001 0.2922981515625 0.5324861296875001 0.2922981515625 0.636154646875
0 0.43282049375 0.62736939375 0.515894453125 0.62736939375 0.515894453125 0.49920943125 0.43282049375 0.49920943125 0.43282049375 0.62736939375
0 0.1614791984375 0.5882940359375 0.2669368265625 0.5882940359375 0.2669368265625 0.4358021265625 0.1614791984375 0.4358021265625 0.1614791984375 0.5882940359375
0 0.0799684125 0.4320376796875 0.22441679531249997 0.4320376796875 0.22441679531249997 0.280509709375 0.0799684125 0.280509709375 0.0799684125 0.4320376796875
0 0.1801232671875 0.12459662499999999 0.2293466875 0.12459662499999999 0.2293466875 0.026961396874999998 0.1801232671875 0.026961396874999998 0.1801232671875 0.12459662499999999
0 1 0.17285714218749998 0.9300493062499999 0.17285714218749998 0.9300493062499999 0.5360610265625 1 0.5360610265625 1 0.17285714218749998
0 0.52326579375 0.392732315625 0.685920646875 0.392732315625 0.685920646875 0.18024965312500002 0.52326579375 0.18024965312500002 0.52326579375 0.392732315625