0 0.3680911 0 0.3680911 0.193932584375 0.5233742890624999 0.193932584375 0.5233742890624999 0 0.3680911 0
0 0.41423359375 0.320447190625 0.4794703328125 0.320447190625 0.4794703328125 0.201462921875 0.41423359375 0.201462921875 0.41423359375 0.320447190625
0 0.3615006 0.406292134375 0.40200854062499997 0.406292134375 0.40200854062499997 0.2976134828125 0.3615006 0.2976134828125 0.3615006 0.406292134375
0 0.27461042812500003 0.3501134828125 0.3227434828125 0.3501134828125 0.3227434828125 0.2445966296875 0.27461042812500003 0.2445966296875 0.27461042812500003 0.3501134828125
0 0.3003768359375 0 0.3003768359375 0.2755033703125 0.4408068625 0.2755033703125 0.4408068625 0 0.3003768359375 0
0 0.7611934375 0.44786516875000004 0.8080603828124999 0.44786516875000004 0.8080603828124999 0.359617978125 0.7611934375 0.359617978125 0.7611934375 0.44786516875000004
0 0.6749026078125 0.497520225 0.7416781546875 0.497520225 0.7416781546875 0.37399438125 0.6749026078125 0.37399438125 0.6749026078125 0.497520225
0 0.539474078125 0.42514044999999995 0.6714129453125001 0.42514044999999995 0.6714129453125001 0.2095516859375 0.539474078125 0.2095516859375 0.539474078125 0.42514044999999995
0 0.6940777640625 0.24178988750000002 0.7571119265624999 0.24178988750000002 0.7571119265624999 0.1385606734375 0.6940777640625 0.1385606734375 0.6940777640625 0.24178988750000002
0 0.7510068921874999 0 0.7510068921874999 0.1152808984375 0.8335331140625 0.1152808984375 0.8335331140625 0 0.7510068921874999 0
0 0.368690440625 0.7220213484375 0.48966137187500003 0.7220213484375 0.48966137187500003 0.398792134375 0.368690440625 0.398792134375 0.368690440625 0.7220213484375
0 0.6533300875 0.6775168546875 0.7371883421875001 0.6775168546875 0.7371883421875001 0.5320516859375 0.6533300875 0.5320516859375 0.6533300875 0.6775168546875
0 0 0.6276460671875 0.24348142031250003 0.6276460671875 0.24348142031250003 0.3866685390625 0 0.3866685390625 0 0.6276460671875
0 0.0302195078125 0.9089741578125 0.1261604734375 0.9089741578125 0.1261604734375 0.714657303125 0.0302195078125 0.714657303125 0.0302195078125 0.9089741578125
0 0.0416039859375 0 0.0416039859375 0.4287640453125 0.199729546875 0.4287640453125 0.199729546875 0 0.0416039859375 0
0 0.2315635296875 0.9860539328125 0.3022153125 0.9860539328125 0.3022153125 0.8394471906250001 0.2315635296875 0.8394471906250001 0.2315635296875 0.9860539328125
0 0.2681180703125 0.81640561875 0.3840275703125 0.81640561875 0.3840275703125 0.6660168546875 0.2681180703125 0.6660168546875 0.2681180703125 0.81640561875
0 0.49942463281249994 0.8287640453125 0.5720707218750001 0.8287640453125 0.5720707218750001 0.7208314609375 0.49942463281249994 0.7208314609375 0.49942463281249994 0.8287640453125
0 0.8146006890624999 0.8802247187500001 0.977224303125 0.8802247187500001 0.977224303125 0.609402246875 0.8146006890624999 0.609402246875 0.8146006890624999 0.8802247187500001