0 0.54 0.6107584890625 0.4201333328125 0.6107584890625 0.4201333328125 0.759130434375 0.54 0.759130434375 0.54 0.6107584890625
0 0.699523809375 0.4798476671875 0.5839142859375 0.4798476671875 0.5839142859375 0.6258806734375 0.699523809375 0.6258806734375 0.699523809375 0.4798476671875
0 0.449523809375 0.48381466250000005 0.3601428578125 0.48381466250000005 0.3601428578125 0.5624278 0.449523809375 0.5624278 0.449523809375 0.48381466250000005
0 0.97452261875 1 0.97452261875 0.93367185 0.8648202375 0.93367185 0.8648202375 1 0.97452261875 1
0 0.678094046875 1 0.678094046875 0.931291653125 0.41156309531249996 0.931291653125 0.41156309531249996 1 0.678094046875 1
0 0.630471428125 0.7694374796875 0.4487 0.7694374796875 0.4487 0.9248627421875 0.630471428125 0.9248627421875 0.630471428125 0.7694374796875
0 0.2826107140625 1 0.2826107140625 0.7630902890625 0.1097083328125 0.7630902890625 0.1097083328125 1 0.2826107140625 1
0 0.42452500000000004 0.072040621875 0.31824642812500004 0.072040621875 0.31824642812500004 0.2763249765625 0.42452500000000004 0.2763249765625 0.42452500000000004 0.072040621875
0 0.6733345234375 0.0529982546875 0.5410654765625 0.0529982546875 0.5410654765625 0.27124801718749997 0.6733345234375 0.27124801718749997 0.6733345234375 0.0529982546875
0 0.8219 0.665981434375 0.7343666671875 0.665981434375 0.7343666671875 0.7863479843750001 0.8219 0.7863479843750001 0.8219 0.665981434375
0 0.9085666671875 0.7776856546875 0.7848333328125 0.7776856546875 0.7848333328125 0.9183283078125 0.9085666671875 0.9183283078125 0.9085666671875 0.7776856546875
0 0.39952261875 0.6655030156249999 0.298248809375 0.6655030156249999 0.298248809375 0.80665185625 0.39952261875 0.80665185625 0.39952261875 0.6655030156249999
0 0.1447630953125 0.578229134375 0.0344845234375 0.578229134375 0.0344845234375 0.692437321875 0.1447630953125 0.692437321875 0.1447630953125 0.578229134375