0 0.4856861109375 0.882793646875 0.522806121875 0.882793646875 0.522806121875 0.77445498125 0.4856861109375 0.77445498125 0.4856861109375 0.882793646875
0 0.44562899843750003 0.6817584546875 0.49509290312500004 0.6817584546875 0.49509290312500004 0.5941510515624999 0.44562899843750003 0.5941510515624999 0.44562899843750003 0.6817584546875
0 0.42628845625 0.9607118375000001 0.483824246875 0.9607118375000001 0.483824246875 0.8539819468750001 0.42628845625 0.8539819468750001 0.42628845625 0.9607118375000001
0 0.557569296875 0.9243452921875001 0.605644228125 0.9243452921875001 0.605644228125 0.8323137562499999 0.557569296875 0.8323137562499999 0.557569296875 0.9243452921875001
0 0.545038075 1 0.545038075 0.9151496796874999 0.4890344203125 0.9151496796874999 0.4890344203125 1 0.545038075 1
0 0.2867834296875 0.956327696875 0.361699665625 0.956327696875 0.361699665625 0.7808980796875 0.2867834296875 0.7808980796875 0.2867834296875 0.956327696875
0 0.4013113 0.7057438296874999 0.44575540625 0.7057438296874999 0.44575540625 0.5907232625 0.4013113 0.5907232625 0.4013113 0.7057438296874999
0 0.6226781906250001 0.7864773765625 0.7174131890625 0.7864773765625 0.7174131890625 0.5741533359375001 0.6226781906250001 0.5741533359375001 0.6226781906250001 0.7864773765625
0 0.6410303078124999 0.28046846406250003 0.677516753125 0.28046846406250003 0.677516753125 0.2104684640625 0.6410303078124999 0.2104684640625 0.6410303078124999 0.28046846406250003
0 0.5682302765625 0.3905804390625 0.63579348125 0.3905804390625 0.63579348125 0.31421389375 0.5682302765625 0.31421389375 0.5682302765625 0.3905804390625
0 0.53777109375 0.29298903125 0.6284853796875 0.29298903125 0.6284853796875 0.1479661796875 0.53777109375 0.1479661796875 0.53777109375 0.29298903125
0 0.4707592140625 0 0.4707592140625 0.10401736718750001 0.5742758140625 0.10401736718750001 0.5742758140625 0 0.4707592140625 0
0 0.69806503125 0.1704067640625 0.745465275 0.1704067640625 0.745465275 0.057701096875 0.69806503125 0.057701096875 0.69806503125 0.1704067640625
0 0.837801553125 0.15624314374999998 0.8901271703125 0.15624314374999998 0.8901271703125 0.08112431406250001 0.837801553125 0.08112431406250001 0.837801553125 0.15624314374999998
0 0.7471832171874999 0.3472760515625 0.8158170874999999 0.3472760515625 0.8158170874999999 0.092550275 0.7471832171874999 0.092550275 0.7471832171874999 0.3472760515625
0 0.7403297296875 0.5208980796875 0.7981533656249999 0.5208980796875 0.7981533656249999 0.373023309375 0.7403297296875 0.373023309375 0.7403297296875 0.5208980796875
0 0.7239575078125 0.7245235375 0.8167308859375 0.7245235375 0.8167308859375 0.513598034375 0.7239575078125 0.513598034375 0.7239575078125 0.7245235375
0 0.8808262265625 0.63634255 0.9239316171875 0.63634255 0.9239316171875 0.48788962500000005 0.8808262265625 0.48788962500000005 0.8808262265625 0.63634255
0 0.6953236375 0.9695086843749999 0.8270857453125 0.9695086843749999 0.8270857453125 0.7634940578125 0.6953236375 0.7634940578125 0.6953236375 0.9695086843749999
0 0.52444334375 0.5657758234375 0.6556236671875 0.5657758234375 0.6556236671875 0.3764865171875 0.52444334375 0.3764865171875 0.52444334375 0.5657758234375