0 0.50140014375 0.7687532328125 0.46638146562499994 0.7687532328125 0.46638146562499994 0.8709278015624999 0.50140014375 0.8709278015624999 0.50140014375 0.7687532328125
0 0.475255746875 0.5987079734375 0.4285919546875 0.5987079734375 0.4285919546875 0.68133081875 0.475255746875 0.68133081875 0.475255746875 0.5987079734375
0 0.464625 0.8437553875000001 0.41034626406249997 0.8437553875000001 0.41034626406249997 0.944412715625 0.464625 0.944412715625 0.464625 0.8437553875000001
0 0.57954885 0.8233200437500001 0.5341954015625 0.8233200437500001 0.5341954015625 0.9101153015625 0.57954885 0.9101153015625 0.57954885 0.8233200437500001
0 0.5223735625 0.9014428875 0.4695402296875 0.9014428875 0.4695402296875 0.9967252156249999 0.5223735625 0.9967252156249999 0.5223735625 0.9014428875
0 0.34941379375000003 0.774829740625 0.27873850624999996 0.774829740625 0.27873850624999996 0.9402780171874999 0.34941379375000003 0.9402780171874999 0.34941379375000003 0.774829740625
0 0.42871120625000003 0.5954752156249999 0.38678304531249996 0.5954752156249999 0.38678304531249996 0.7039515093750001 0.42871120625000003 0.7039515093750001 0.42871120625000003 0.5954752156249999
0 0.6849906609375 0.5798480609375 0.595618534375 0.5798480609375 0.595618534375 0.7800915953125 0.6849906609375 0.7800915953125 0.6849906609375 0.5798480609375
0 0.6473527296875 0.23685560312499998 0.612931753125 0.23685560312499998 0.612931753125 0.30287284531249997 0.6473527296875 0.30287284531249997 0.6473527296875 0.23685560312499998
0 0.6079913796875 0.3346982765625 0.5442528734375001 0.3346982765625 0.5442528734375001 0.40671982812499996 0.6079913796875 0.40671982812499996 0.6079913796875 0.3346982765625
0 0.6010969828125 0.17790948281250002 0.515517959375 0.17790948281250002 0.515517959375 0.314681034375 0.6010969828125 0.314681034375 0.6010969828125 0.17790948281250002
0 0.549956178125 0.0125 0.45229956875 0.0125 0.45229956875 0.13646120625 0.549956178125 0.13646120625 0.549956178125 0.0125
0 0.711454740625 0.092780171875 0.6667377875 0.092780171875 0.6667377875 0.1990732765625 0.711454740625 0.1990732765625 0.711454740625 0.092780171875
0 0.8479274421874999 0.1148706890625 0.7985639375 0.1148706890625 0.7985639375 0.18571551718749998 0.8479274421874999 0.18571551718749998 0.8479274421874999 0.1148706890625
0 0.77782399375 0.1256465515625 0.71307543125 0.1256465515625 0.71307543125 0.3658793109375 0.77782399375 0.3658793109375 0.77782399375 0.1256465515625
0 0.7611602015625001 0.3901616375 0.7066099140625 0.3901616375 0.7066099140625 0.5296228453125 0.7611602015625001 0.5296228453125 0.7611602015625001 0.3901616375
0 0.7786860625 0.522738146875 0.6911645109375 0.522738146875 0.6911645109375 0.7216627156250001 0.7786860625 0.7216627156250001 0.7786860625 0.522738146875
0 0.879818246875 0.49849245625 0.8391530171875001 0.49849245625 0.8391530171875001 0.638498921875 0.879818246875 0.638498921875 0.879818246875 0.49849245625
0 0.788454740625 0.7584159484375 0.6641515796874999 0.7584159484375 0.6641515796874999 0.9527090515625 0.788454740625 0.9527090515625 0.788454740625 0.7584159484375
0 0.62669899375 0.3934278015625 0.502944684375 0.3934278015625 0.502944684375 0.5719471984375 0.62669899375 0.5719471984375 0.62669899375 0.3934278015625