0 0.5663528453125 0.8166740375 0.690695221875 0.8166740375 0.690695221875 0.5401282625 0.5663528453125 0.5401282625 0.5663528453125 0.8166740375
0 0.32306030625000004 0.8520577171875001 0.43122751406250004 0.8520577171875001 0.43122751406250004 0.4587737734375 0.32306030625000004 0.4587737734375 0.32306030625000004 0.8520577171875001
0 0.721910940625 0 0.721910940625 0.1665192390625 0.9130109109375001 0.1665192390625 0.9130109109375001 0 0.721910940625 0
0 0.84650471875 0.47058712968750005 0.90534429375 0.47058712968750005 0.90534429375 0.262809596875 0.84650471875 0.262809596875 0.84650471875 0.47058712968750005
0 0.23783987031249998 0.433865546875 0.37402683593749997 0.433865546875 0.37402683593749997 0.1699601953125 0.23783987031249998 0.1699601953125 0.23783987031249998 0.433865546875
0 0.4955757890625 0.3235294125 0.6954121203125 0.3235294125 0.6954121203125 0.11425033124999999 0.4955757890625 0.11425033124999999 0.4955757890625 0.3235294125
0 0.7072065765625 1 0.7072065765625 0.8165468812500001 0.5611921265625 0.8165468812500001 0.5611921265625 1 0.7072065765625 1
0 0.41890297812500005 0.9935869078125 0.5055293421875 0.9935869078125 0.5055293421875 0.7953250781250001 0.41890297812500005 0.7953250781250001 0.41890297812500005 0.9935869078125
0 0.8243888234375 0.895179125 0.904755971875 0.895179125 0.904755971875 0.5253516140625 0.8243888234375 0.5253516140625 0.8243888234375 0.895179125
0 0.07092303125 0.40756413125 0.15230020625000001 0.40756413125 0.15230020625000001 0.0001758078125 0.07092303125 0.0001758078125 0.07092303125 0.40756413125
0 0.0679733109375 0.6287041125 0.1658633140625 0.6287041125 0.1658633140625 0.4463865546875 0.0679733109375 0.4463865546875 0.0679733109375 0.6287041125