0 0.6473419234375 1 0.6473419234375 0.7934831453125 0.49205873593750005 0.7934831453125 0.49205873593750005 1 0.6473419234375 1
0 0.535962690625 0.785952809375 0.60119943125 0.785952809375 0.60119943125 0.6669685390625 0.535962690625 0.6669685390625 0.535962690625 0.785952809375
0 0.6134244828125001 0.689802246875 0.653932425 0.689802246875 0.653932425 0.5811235953125 0.6134244828125001 0.5811235953125 0.6134244828125001 0.689802246875
0 0.6926895421875 0.7428191015625 0.7408225953125 0.7428191015625 0.7408225953125 0.637302246875 0.6926895421875 0.637302246875 0.6926895421875 0.7428191015625
0 0.7150561875 1 0.7150561875 0.7119123593750001 0.5746261609375 0.7119123593750001 0.5746261609375 1 0.7150561875 1
0 0.207372640625 0.6277977531250001 0.2542395859375 0.6277977531250001 0.2542395859375 0.5395505625 0.207372640625 0.5395505625 0.207372640625 0.6277977531250001
0 0.2737548703125 0.6134213484375 0.3405304171875 0.6134213484375 0.3405304171875 0.48989550625 0.2737548703125 0.48989550625 0.2737548703125 0.6134213484375
0 0.344020078125 0.7778640453125 0.4759589453125 0.7778640453125 0.4759589453125 0.56227528125 0.344020078125 0.56227528125 0.344020078125 0.7778640453125
0 0.258321096875 0.84885505625 0.321355259375 0.84885505625 0.321355259375 0.7456258421874999 0.258321096875 0.7456258421874999 0.258321096875 0.84885505625
0 0.181899909375 0.999820225 0.26442613125 0.999820225 0.26442613125 0.87213483125 0.181899909375 0.87213483125 0.181899909375 0.999820225
0 0.5257716515624999 0.5886235953125001 0.6467425828125 0.5886235953125001 0.6467425828125 0.26539438125000003 0.5257716515624999 0.26539438125000003 0.5257716515624999 0.5886235953125001
0 0.27824468125 0.4553640453125 0.3621029375 0.4553640453125 0.3621029375 0.30989887656250004 0.27824468125 0.30989887656250004 0.27824468125 0.4553640453125
0 1 0.35976966250000003 0.771951603125 0.35976966250000003 0.771951603125 0.600747190625 1 0.600747190625 1 0.35976966250000003
0 0.8892725499999999 0.2727584265625 0.985213515625 0.2727584265625 0.985213515625 0.0784415734375 0.8892725499999999 0.0784415734375 0.8892725499999999 0.2727584265625
0 0.9738290375 1 0.9738290375 0.5586516859375 0.8157034765625 0.5586516859375 0.8157034765625 1 0.9738290375 1
0 0.7132177109375 0.14796853906250002 0.7838694937499999 0.14796853906250002 0.7838694937499999 0.0013617984375 0.7132177109375 0.0013617984375 0.7132177109375 0.14796853906250002
0 0.6314054546875 0.3213988765625 0.747314953125 0.3213988765625 0.747314953125 0.1710101125 0.6314054546875 0.1710101125 0.6314054546875 0.3213988765625
0 0.4433623015625 0.2665842703125 0.5160083906249999 0.2665842703125 0.5160083906249999 0.1586516859375 0.4433623015625 0.1586516859375 0.4433623015625 0.2665842703125
0 0.0382087203125 0.3780134828125 0.20083233437499998 0.3780134828125 0.20083233437499998 0.10719101093750001 0.0382087203125 0.10719101093750001 0.0382087203125 0.3780134828125