0 0.535060975 0.5786647312500001 0.4254268296875 0.5786647312500001 0.4254268296875 0.7143744562500001 0.535060975 0.7143744562500001 0.535060975 0.5786647312500001
0 0.6809668984374999 0.4589259796875 0.57522648125 0.4589259796875 0.57522648125 0.592496371875 0.6809668984374999 0.592496371875 0.6809668984374999 0.4589259796875
0 0.4523083625 0.4625544265625 0.370557490625 0.4625544265625 0.370557490625 0.5344586359375 0.4523083625 0.5344586359375 0.4523083625 0.4625544265625
0 0.9324901999999999 0.8740203187500001 0.8321526562500001 0.8740203187500001 0.8321526562500001 0.9431523953125 0.9324901999999999 0.9431523953125 0.9324901999999999 0.8740203187500001
0 0.66136650625 1 0.66136650625 0.8718432515625001 0.417588196875 0.8718432515625001 0.417588196875 1 0.66136650625 1
0 0.6178092328125 0.7238018875 0.45155487812499995 0.7238018875 0.45155487812499995 0.8659629890625 0.6178092328125 0.8659629890625 0.6178092328125 0.7238018875
0 0.2996439453125 0.717996371875 0.141501525 0.717996371875 0.141501525 0.9982880984375001 0.2996439453125 0.9982880984375001 0.2996439453125 0.717996371875
0 0.429443596875 0.085921625 0.3322375875 0.085921625 0.3322375875 0.2727721328125 0.429443596875 0.2727721328125 0.429443596875 0.085921625
0 0.657013284375 0.0685043546875 0.5360354968750001 0.0685043546875 0.5360354968750001 0.268128446875 0.657013284375 0.268128446875 0.657013284375 0.0685043546875
0 0.7928963421875 0.629174890625 0.7128353656249999 0.629174890625 0.7128353656249999 0.73926923125 0.7928963421875 0.73926923125 0.7928963421875 0.629174890625
0 0.872164634375 0.731346153125 0.758993903125 0.731346153125 0.758993903125 0.8599862125 0.872164634375 0.8599862125 0.872164634375 0.731346153125
0 0.406575565625 0.6287372999999999 0.31394708125 0.6287372999999999 0.31394708125 0.7578403484375 0.406575565625 0.7578403484375 0.406575565625 0.6287372999999999
0 0.17356380625 0.548911465625 0.072699259375 0.548911465625 0.072699259375 0.6533730046875 0.17356380625 0.6533730046875 0.17356380625 0.548911465625