0 0.594667384375 0.37658081875 0.44310272968750003 0.37658081875 0.44310272968750003 0.59719504375 0.594667384375 0.59719504375 0.594667384375 0.37658081875
0 0.475530171875 0.1711206890625 0.4119727015625 0.1711206890625 0.4119727015625 0.2898793109375 0.475530171875 0.2898793109375 0.475530171875 0.1711206890625
0 0.5441020109375 0.2989946125 0.4210732765625 0.2989946125 0.4210732765625 0.377613146875 0.5441020109375 0.377613146875 0.5441020109375 0.2989946125
0 0.6988642234375 0.239368534375 0.6667622125 0.239368534375 0.6667622125 0.3561228453125 0.6988642234375 0.3561228453125 0.6988642234375 0.239368534375
0 0.385507184375 0.4734213359375 0.293581896875 0.4734213359375 0.293581896875 0.615238146875 0.385507184375 0.615238146875 0.385507184375 0.4734213359375
0 0.8409346265625001 0.38332974062499997 0.7184877875 0.38332974062499997 0.7184877875 0.6320625 0.8409346265625001 0.6320625 0.8409346265625001 0.38332974062499997
0 0.7860545984375 0.12126616406249999 0.738505746875 0.12126616406249999 0.738505746875 0.27206142187500004 0.7860545984375 0.27206142187500004 0.7860545984375 0.12126616406249999
0 1 0.0024471984375 0.9550768671875 0.0024471984375 0.9550768671875 0.1477596984375 1 0.1477596984375 1 0.0024471984375
0 0.552394396875 0 0.552394396875 0.16008620625 0.690056753125 0.16008620625 0.690056753125 0 0.552394396875 0
0 0.45139870625 0.05689762968749999 0.36934842031250004 0.05689762968749999 0.36934842031250004 0.17158081875 0.45139870625 0.17158081875 0.45139870625 0.05689762968749999
0 0.5402844828125 1 0.5402844828125 0.86508620625 0.44166666718750003 0.86508620625 0.44166666718750003 1 0.5402844828125 1
0 0.680107759375 0.727873921875 0.5863031609375 0.727873921875 0.5863031609375 0.8552252156250001 0.680107759375 0.8552252156250001 0.680107759375 0.727873921875
0 0.7640021546875 1 0.7640021546875 0.8672413796875 0.6694461203125 0.8672413796875 0.6694461203125 1 0.7640021546875 1
0 0.6701472703125 0.86508620625 0.559961925 0.86508620625 0.559961925 0.9950086203125 0.6701472703125 0.9950086203125 0.6701472703125 0.86508620625
0 0.7992456890625 0.7199709046875 0.7587169546875 0.7199709046875 0.7587169546875 0.789899784375 0.7992456890625 0.789899784375 0.7992456890625 0.7199709046875
0 0.76744899375 0.700574353125 0.673467671875 0.700574353125 0.673467671875 0.837011853125 0.76744899375 0.837011853125 0.76744899375 0.700574353125
0 0.43148922343749996 0.8660937499999999 0.348657328125 0.8660937499999999 0.348657328125 0.9959795265625001 0.43148922343749996 0.9959795265625001 0.43148922343749996 0.8660937499999999
0 0.439917384375 0.7767241375 0.39712571875 0.7767241375 0.39712571875 0.8456293109375 0.439917384375 0.8456293109375 0.439917384375 0.7767241375
0 0.46749928125 0.6331928875 0.37615014375 0.6331928875 0.37615014375 0.7579579734374999 0.46749928125 0.7579579734374999 0.46749928125 0.6331928875