0 0.4942355046875 0.8996971468750001 0.5322233484375001 0.8996971468750001 0.5322233484375001 0.7888248359375 0.4942355046875 0.7888248359375 0.4942355046875 0.8996971468750001
0 0.45324189531250003 0.6939604765625 0.5038622187499999 0.6939604765625 0.5038622187499999 0.6043042562500001 0.45324189531250003 0.6043042562500001 0.45324189531250003 0.6939604765625
0 0.4334491890625 0.9794375578125001 0.49233011250000003 0.9794375578125001 0.49233011250000003 0.8702116468750001 0.4334491890625 0.8702116468750001 0.4334491890625 0.9794375578125001
0 0.5677992515625 0.9422205328125 0.6169981296875 0.9422205328125 0.6169981296875 0.8480367171875001 0.5677992515625 0.8480367171875001 0.5677992515625 0.9422205328125
0 0.5549750625 1 0.5549750625 0.93280986875 0.4976620953125 0.93280986875 0.4976620953125 1 0.5549750625 1
0 0.29068266875000004 0.9749508890625 0.3673503734375 0.9749508890625 0.3673503734375 0.7954186156249999 0.29068266875000004 0.7954186156249999 0.29068266875000004 0.9749508890625
0 0.4078880921875 0.7185067828125 0.453371259375 0.7185067828125 0.453371259375 0.6007963046875 0.4078880921875 0.6007963046875 0.4078880921875 0.7185067828125
0 0.6344303296875 0.801128390625 0.7313801437499999 0.801128390625 0.7313801437499999 0.58383886875 0.6344303296875 0.58383886875 0.6344303296875 0.801128390625
0 0.653211503125 0.28328578125 0.690550965625 0.28328578125 0.690550965625 0.21164873750000002 0.653211503125 0.21164873750000002 0.653211503125 0.28328578125
0 0.5787094765624999 0.395972871875 0.64785224375 0.395972871875 0.64785224375 0.31782039218749997 0.5787094765624999 0.31782039218749997 0.5787094765624999 0.395972871875
0 0.5475381859375 0.29609915781249996 0.6403732859375 0.29609915781249996 0.6403732859375 0.1476847515625 0.5475381859375 0.1476847515625 0.5475381859375 0.29609915781249996
0 0.4789596328125 0 0.4789596328125 0.10270813906250001 0.584896353125 0.10270813906250001 0.584896353125 0 0.4789596328125 0
0 0.7115796453125001 0.170650140625 0.7600880609375 0.170650140625 0.7600880609375 0.0553087 0.7115796453125001 0.0553087 0.7115796453125001 0.170650140625
0 0.8545830734375001 0.1561552859375 0.9081320140625 0.1561552859375 0.9081320140625 0.0792797 0.8545830734375001 0.0792797 0.8545830734375001 0.1561552859375
0 0.761846165625 0.351655753125 0.8320846328125 0.351655753125 0.8320846328125 0.090972871875 0.761846165625 0.090972871875 0.761846165625 0.351655753125
0 0.75483245 0.5293381671875 0.8140079484375 0.5293381671875 0.8140079484375 0.3780051453125 0.75483245 0.3780051453125 0.75483245 0.5293381671875
0 0.7380774625 0.737725678125 0.8330197937499999 0.737725678125 0.8330197937499999 0.5218674 0.7380774625 0.5218674 0.7380774625 0.737725678125
0 0.8986136218749999 0.6474824609375001 0.9427267765625 0.6474824609375001 0.9427267765625 0.4955577640625 0.8986136218749999 0.4955577640625 0.8986136218749999 0.6474824609375001
0 0.7087741578125 0.98844013125 0.8436167390625 0.98844013125 0.8436167390625 0.7776075765625 0.7087741578125 0.7776075765625 0.7087741578125 0.98844013125
0 0.533898846875 0.575265434375 0.668146040625 0.575265434375 0.668146040625 0.3815493453125 0.533898846875 0.3815493453125 0.533898846875 0.575265434375